Iteration	CPUTime	PhysTime	Travels	Value	AvValue	MinValue	MaxValue	Delta	Criteria	Progress	dGMaxMin	CriteriaType	CriteriaVarType	CriteriaPercentage
1	1	0	0.025	303.150361	303.150361	303.150361	303.150361	0	0	0	24.8772	0	0	3
2	2	0	0.05	303.150889	303.150625	303.150361	303.150889	0.000264089737	0	0	42.8121	0	0	3
3	2	0	0.075	303.151578	303.150943	303.150361	303.151578	0.000581777992	0	0	60.4495	0	0	3
4	2	0	0.1	303.152347	303.151294	303.150361	303.152347	0.000932826855	0	0	77.9962	0	0	3
5	3	0	0.125	303.153173	303.15167	303.150361	303.153173	0.00130858926	0	0	102.386	0	0	3
6	3	0	0.15	303.154768	303.152186	303.150361	303.154768	0.00182495398	0	0	118.049	0	0	3
7	3	0	0.175	303.156921	303.152863	303.150361	303.156921	0.00250143772	0	0	139.252	0	0	3
8	4	0	0.2	303.159299	303.153667	303.150361	303.159299	0.00330605031	0	0	130.504	0	0	3
9	4	0	0.225	303.161847	303.154576	303.150361	303.161847	0.00421495537	0	0	101.208	0	0	3
10	4	0	0.25	303.164404	303.155559	303.150361	303.164404	0.00519779495	0	0	94.7444	0	0	3
11	4	0	0.275	303.168244	303.156712	303.150361	303.168244	0.00635103283	0	0	88.2446	0	0	3
12	5	0	0.3	303.172052	303.15799	303.150361	303.172052	0.0076293678	0	0	93.2742	0	0	3
13	5	0	0.325	303.17582	303.159362	303.150361	303.17582	0.00900090434	0	0	114.824	0	0	3
14	5	0	0.35	303.179597	303.160807	303.150361	303.179597	0.0104462737	0	0	128.413	0	0	3
15	6	0	0.375	303.183325	303.162309	303.150361	303.183325	0.0119474412	0	0	119.297	0	0	3
16	6	0	0.4	303.189126	303.163985	303.150361	303.189126	0.0136235144	0	0	107.762	0	0	3
17	6	0	0.425	303.194982	303.165808	303.150361	303.194982	0.0154468983	0	0	92.6446	0	0	3
18	7	0	0.45	303.200519	303.167736	303.150361	303.200519	0.0173752614	0	0	109.509	0	0	3
19	7	0	0.475	303.206045	303.169753	303.150361	303.206045	0.0193915044	0	0	95.4571	0	0	3
20	7	0	0.5	303.211451	303.171838	303.150361	303.211451	0.0214764364	0	0	85.9705	0	0	3
21	7	0	0.525	303.219097	303.175274	303.150889	303.219097	0.0246491231	0	0	96.6654	0	0	3
22	8	0	0.55	303.226447	303.179052	303.151578	303.226447	0.0281093215	0	0	111.916	0	0	3
23	8	0	0.575	303.233424	303.183144	303.152347	303.233424	0.0318505509	0	0	112.406	0	0	3
24	9	0	0.6	303.240186	303.187536	303.153173	303.240186	0.0358667527	0	0	135.527	0	0	3
25	9	0	0.625	303.246763	303.192216	303.154768	303.246763	0.0400298998	0	0	138.452	0	0	3
26	9	0	0.65	303.2568	303.197318	303.156921	303.2568	0.0444550093	0	0	147.753	0	0	3
27	10	0	0.675	303.26602	303.202772	303.159299	303.26602	0.0491053175	0	0	171.645	0	0	3
28	10	0	0.7	303.275078	303.208561	303.161847	303.275078	0.0539853483	0	0	194.643	0	0	3
29	10	0	0.725	303.284012	303.21467	303.164404	303.284012	0.0591107323	0	0	212.76	0	0	3
30	11	0	0.75	303.29274	303.221086	303.168244	303.29274	0.0643742688	0	0	209.626	0	0	3
31	11	0	0.775	303.30553	303.227951	303.172052	303.30553	0.0699601949	0	0	223.475	0	0	3
32	11	0	0.8	303.317985	303.235247	303.17582	303.317985	0.0758853017	0	0	227.638	0	0	3
33	12	0	0.825	303.329919	303.242952	303.179597	303.329919	0.0821448743	0	0	233.689	0	0	3
34	12	0	0.85	303.341686	303.251057	303.183325	303.341686	0.0887481557	0	0	239.002	0	0	3
35	12	0	0.875	303.352678	303.259524	303.189126	303.352678	0.0955397545	0	0	245.245	0	0	3
36	13	0	0.9	303.369168	303.268526	303.194982	303.369168	0.102718495	0	0	255.992	0	0	3
37	13	0	0.925	303.384218	303.277988	303.200519	303.384218	0.110251912	0	0	237.28	0	0	3
38	13	0	0.95	303.39913	303.287919	303.206045	303.39913	0.118166242	0	0	240.451	0	0	3
39	14	0	0.975	303.413	303.298267	303.211451	303.413	0.126429068	0	0	224.016	0	0	3
40	14	0	1	303.42681	303.309035	303.219097	303.42681	0.133760221	0.0366212134	27.3	233.182	0	0	3
41	14	0	1.025	303.446528	303.320406	303.226447	303.446528	0.141353917	0.0392448688	27.7	220.633	0	0	3
42	15	0	1.05	303.465676	303.332368	303.233424	303.465676	0.149223075	0.0405187117	27.1	224.606	0	0	3
43	15	0	1.075	303.486182	303.345005	303.240186	303.486182	0.157469003	0.0418187066	26.5	226.869	0	0	3
44	15	0	1.1	303.503335	303.352545	303.240186	303.503335	0.165008493	0.0430118187	26	223.134	0	0	3
45	16	0	1.125	303.520418	303.365889	303.246763	303.520418	0.173673365	0.0441398546	25.4	221.836	0	0	3
46	16	0	1.15	303.536993	303.37971	303.2568	303.536993	0.182392232	0.0452594282	24.8	219.638	0	0	3
47	16	0	1.175	303.551149	303.393726	303.26602	303.551149	0.190953958	0.0462872794	24.2	216.084	0	0	3
48	17	0	1.2	303.565104	303.407969	303.275078	303.565104	0.19940714	0.0472507164	23.6	215.714	0	0	3
49	17	0	1.225	303.577795	303.422384	303.284012	303.577795	0.207713994	0.0481500044	23.1	213.197	0	0	3
50	18	0	1.25	303.588773	303.436896	303.29274	303.588773	0.21580968	0.048981488	22.6	211.475	0	0	3
51	18	0	1.275	303.598094	303.451437	303.30553	303.598094	0.223486091	0.0497280854	22.2	207.727	0	0	3
52	18	0	1.3	303.608359	303.465857	303.317985	303.608359	0.230609898	0.0504218507	21.8	212.246	0	0	3
53	19	0	1.325	303.616671	303.48008	303.329919	303.616671	0.237128094	0.0510553853	21.5	195.022	0	0	3
54	19	0	1.35	303.623075	303.49404	303.341686	303.623075	0.242983461	0.0516233894	21.2	197.794	0	0	3
55	20	0	1.375	303.630387	303.507788	303.352678	303.630387	0.248263459	0.0521474518	21	210.906	0	0	3
56	20	0	1.4	303.635938	303.521276	303.369168	303.635938	0.252749891	0.0526039272	20.8	215.87	0	0	3
57	20	0	1.425	303.641424	303.534241	303.384218	303.641424	0.256252657	0.0530037975	20.6	216.617	0	0	3
58	21	0	1.45	303.646263	303.546719	303.39913	303.646263	0.247133386	0.053354088	21.5	217.027	0	0	3
59	21	0	1.475	303.65063	303.558695	303.413	303.65063	0.23762985	0.0536593836	22.5	212.269	0	0	3
60	21	0	1.5	303.654462	303.570194	303.42681	303.654462	0.22765176	0.0539236737	23.6	217.079	0	0	3
61	22	0	1.525	303.658298	303.581217	303.446528	303.658298	0.211769982	0.0541386612	25.5	205.729	0	0	3
62	22	0	1.55	303.661947	303.591475	303.465676	303.661947	0.196271021	0.0543117154	27.6	210.919	0	0	3
63	22	0	1.575	303.664984	303.600966	303.486182	303.664984	0.178802622	0.0544469326	30.4	202.111	0	0	3
64	23	0	1.6	303.667795	303.609614	303.503335	303.667795	0.164459889	0.0545489706	33.1	209.626	0	0	3
65	23	0	1.625	303.670273	303.617563	303.520418	303.670273	0.149854389	0.0546210328	36.4	209.409	0	0	3
66	23	0	1.65	303.673004	303.624829	303.536993	303.673004	0.136011159	0.054650164	40.1	213.521	0	0	3
67	24	0	1.675	303.675137	303.631408	303.551149	303.675137	0.123987368	0.0546422117	44	208.594	0	0	3
68	24	0	1.7	303.677472	303.637423	303.565104	303.677472	0.112367718	0.0546028799	48.5	208.327	0	0	3
69	24	0	1.725	303.679373	303.642864	303.577795	303.679373	0.101577974	0.0545339927	53.6	209.081	0	0	3
70	25	0	1.75	303.681482	303.647802	303.588773	303.681482	0.0927087274	0.0544403425	58.7	204.522	0	0	3
71	25	0	1.775	303.683203	303.652299	303.598094	303.683203	0.0851091876	0.0543052258	63.8	203.277	0	0	3
72	25	0	1.8	303.68525	303.656449	303.608359	303.68525	0.0768907489	0.054135275	70.4	206.002	0	0	3
73	26	0	1.825	303.686727	303.660181	303.616671	303.686727	0.0700560858	0.0539334609	76.9	194.219	0	0	3
74	26	0	1.85	303.688381	303.663595	303.623075	303.688381	0.0653055739	0.0537039423	82.2	197.422	0	0	3
75	26	0	1.875	303.68964	303.666765	303.630387	303.68964	0.0592532567	0.0534505393	90.2	197.424	0	0	3
76	27	0	1.9	303.691424	303.669672	303.635938	303.691424	0.055485599	0.0531568581	95.8	196.763	0	0	3
77	27	0	1.925	303.692433	303.672362	303.641424	303.692433	0.0510096898	0.0528285629	100	199.405	0	0	3
