Iteration	CPUTime	PhysTime	Travels	Value	AvValue	MinValue	MaxValue	Delta	Criteria	Progress	dGMaxMin	CriteriaType	CriteriaVarType	CriteriaPercentage
1	1	0	0.025	303.15039	303.15039	303.15039	303.15039	0	0	0	24.8685	0	0	3
2	2	0	0.05	303.150948	303.150669	303.15039	303.150948	0.000278807267	0	0	45.9483	0	0	3
3	2	0	0.075	303.151683	303.151007	303.15039	303.151683	0.000616766122	0	0	64.9598	0	0	3
4	2	0	0.1	303.152492	303.151378	303.15039	303.152492	0.000988075215	0	0	66.3366	0	0	3
5	3	0	0.125	303.153385	303.15178	303.15039	303.153385	0.00138943324	0	0	79.4077	0	0	3
6	3	0	0.15	303.155038	303.152323	303.15039	303.155038	0.00193243585	0	0	82.1525	0	0	3
7	3	0	0.175	303.157185	303.153017	303.15039	303.157185	0.0026271189	0	0	85.946	0	0	3
8	4	0	0.2	303.159597	303.15384	303.15039	303.159597	0.0034495205	0	0	105.931	0	0	3
9	4	0	0.225	303.162028	303.15475	303.15039	303.162028	0.00435937591	0	0	112.504	0	0	3
10	4	0	0.25	303.164413	303.155716	303.15039	303.164413	0.00532570969	0	0	129.413	0	0	3
11	5	0	0.275	303.168007	303.156833	303.15039	303.168007	0.00644304036	0	0	110.703	0	0	3
12	5	0	0.3	303.171658	303.158069	303.15039	303.171658	0.00767841133	0	0	105.443	0	0	3
13	5	0	0.325	303.17531	303.159395	303.15039	303.17531	0.00900466105	0	0	108.323	0	0	3
14	6	0	0.35	303.179078	303.160801	303.15039	303.179078	0.0104106042	0	0	99.62	0	0	3
15	6	0	0.375	303.18287	303.162272	303.15039	303.18287	0.0118818804	0	0	100.104	0	0	3
16	6	0	0.4	303.188644	303.16392	303.15039	303.188644	0.0135301221	0	0	109.078	0	0	3
17	6	0	0.425	303.194433	303.165715	303.15039	303.194433	0.0153250123	0	0	121.327	0	0	3
18	7	0	0.45	303.199875	303.167613	303.15039	303.199875	0.0172227834	0	0	137.624	0	0	3
19	7	0	0.475	303.20518	303.16959	303.15039	303.20518	0.0191999893	0	0	122.59	0	0	3
20	7	0	0.5	303.210499	303.171636	303.15039	303.210499	0.0212454157	0	0	129.233	0	0	3
21	8	0	0.525	303.218293	303.175031	303.150948	303.218293	0.024361751	0	0	124.668	0	0	3
22	8	0	0.55	303.226104	303.178789	303.151683	303.226104	0.0277815821	0	0	110.379	0	0	3
23	8	0	0.575	303.233918	303.1829	303.152492	303.233918	0.0315220338	0	0	120.544	0	0	3
24	8	0	0.6	303.24181	303.187366	303.153385	303.24181	0.0355865746	0	0	131.9	0	0	3
25	9	0	0.625	303.249669	303.19218	303.155038	303.249669	0.0398577834	0	0	141.376	0	0	3
26	9	0	0.65	303.261743	303.197516	303.157185	303.261743	0.0444983639	0	0	138.024	0	0	3
27	9	0	0.675	303.273941	303.203353	303.159597	303.273941	0.0495137569	0	0	146.409	0	0	3
28	10	0	0.7	303.286258	303.209687	303.162028	303.286258	0.0549369669	0	0	147.195	0	0	3
29	10	0	0.725	303.298338	303.216502	303.164413	303.298338	0.0607861146	0	0	140.266	0	0	3
30	10	0	0.75	303.309917	303.223777	303.168007	303.309917	0.0669439664	0	0	145.971	0	0	3
31	11	0	0.775	303.326213	303.231688	303.171658	303.326213	0.0736189274	0	0	151.763	0	0	3
32	11	0	0.8	303.342008	303.240205	303.17531	303.342008	0.0808102151	0	0	158.166	0	0	3
33	11	0	0.825	303.357391	303.249309	303.179078	303.357391	0.088508331	0	0	176.568	0	0	3
34	11	0	0.85	303.372081	303.258959	303.18287	303.372081	0.0966871762	0	0	186.03	0	0	3
35	12	0	0.875	303.38728	303.26918	303.188644	303.38728	0.105259442	0	0	200.039	0	0	3
36	12	0	0.9	303.407402	303.280118	303.194433	303.407402	0.114402431	0	0	209.313	0	0	3
37	12	0	0.925	303.425983	303.291695	303.199875	303.425983	0.124082154	0	0	214.786	0	0	3
38	13	0	0.95	303.442644	303.303834	303.20518	303.442644	0.134243417	0	0	214.341	0	0	3
39	13	0	0.975	303.458272	303.316488	303.210499	303.458272	0.144852578	0	0	215.688	0	0	3
40	13	0	1	303.47233	303.32958	303.218293	303.47233	0.154548996	0.0415866409	26.9	210.845	0	0	3
41	14	0	1.025	303.491539	303.343242	303.226104	303.491539	0.164453517	0.0440780118	26.8	211.008	0	0	3
42	14	0	1.05	303.507757	303.357325	303.233918	303.507757	0.174424409	0.0451296785	25.8	213.267	0	0	3
43	14	0	1.075	303.52015	303.371636	303.24181	303.52015	0.184270079	0.045981012	24.9	189.531	0	0	3
44	15	0	1.1	303.535484	303.379439	303.24181	303.535484	0.192072369	0.0468749473	24.4	201.109	0	0	3
45	15	0	1.125	303.543565	303.393808	303.249669	303.543565	0.201627427	0.0475780422	23.5	180.528	0	0	3
46	15	0	1.15	303.560403	303.408605	303.261743	303.560403	0.211088996	0.0484107413	22.9	194.241	0	0	3
47	16	0	1.175	303.569668	303.423268	303.273941	303.569668	0.219914323	0.0491374069	22.3	176.94	0	0	3
48	16	0	1.2	303.577335	303.437715	303.286258	303.577335	0.228028564	0.0497676028	21.8	194.206	0	0	3
49	16	0	1.225	303.584038	303.451895	303.298338	303.584038	0.235393109	0.0503193145	21.3	182.299	0	0	3
50	16	0	1.25	303.592754	303.465915	303.309917	303.592754	0.242137722	0.0508427925	20.9	192.367	0	0	3
51	17	0	1.275	303.601561	303.479803	303.326213	303.601561	0.248115206	0.0513325603	20.6	201.996	0	0	3
52	17	0	1.3	303.607512	303.493198	303.342008	303.607512	0.252992861	0.0517655627	20.4	202.413	0	0	3
53	17	0	1.325	303.610965	303.506005	303.357391	303.610965	0.253573856	0.0521299591	20.5	204.63	0	0	3
54	18	0	1.35	303.617219	303.518378	303.372081	303.617219	0.245138451	0.0524653277	21.4	202.01	0	0	3
55	18	0	1.375	303.61824	303.5301	303.38728	303.61824	0.230959476	0.0527320192	22.8	202.492	0	0	3
56	18	0	1.4	303.624819	303.541411	303.407402	303.624819	0.217417861	0.0529719062	24.3	200.248	0	0	3
57	18	0	1.425	303.628672	303.551948	303.425983	303.628672	0.202688894	0.0531687958	26.2	204.314	0	0	3
58	19	0	1.45	303.633581	303.561834	303.442644	303.633581	0.19093671	0.0533399709	27.9	205.745	0	0	3
59	19	0	1.475	303.637024	303.57109	303.458272	303.637024	0.17875208	0.0534804153	29.9	205.338	0	0	3
60	19	0	1.5	303.641117	303.579797	303.47233	303.641117	0.168787488	0.0535988708	31.7	203.138	0	0	3
61	20	0	1.525	303.64202	303.587877	303.491539	303.64202	0.150481049	0.0536634831	35.6	205.881	0	0	3
62	20	0	1.55	303.646438	303.595253	303.507757	303.646438	0.138681623	0.0537022214	38.7	204.015	0	0	3
63	20	0	1.575	303.648261	303.601944	303.52015	303.648261	0.128111048	0.0537038012	41.9	206.627	0	0	3
64	20	0	1.6	303.654407	303.608337	303.535484	303.654407	0.118922858	0.0536958173	45.1	206.631	0	0	3
65	21	0	1.625	303.653541	303.613959	303.543565	303.654407	0.110842405	0.0536477004	48.3	209.584	0	0	3
66	21	0	1.65	303.656015	303.619314	303.560403	303.656015	0.0956124231	0.0535510788	56	210.246	0	0	3
67	21	0	1.675	303.649446	303.623554	303.569668	303.656015	0.0863467488	0.0534030187	61.8	211.512	0	0	3
68	22	0	1.7	303.654065	303.627573	303.577335	303.656015	0.0786804687	0.0532084841	67.6	210.434	0	0	3
69	22	0	1.725	303.65288	303.63117	303.584038	303.656015	0.0719767929	0.0529733397	73.5	212.232	0	0	3
70	22	0	1.75	303.656688	303.63463	303.592754	303.656688	0.0639344913	0.0527067251	82.4	211.507	0	0	3
71	22	0	1.775	303.659188	303.637793	303.601561	303.659188	0.0576268767	0.052399587	90.9	214.318	0	0	3
72	23	0	1.8	303.660106	303.640581	303.607512	303.660106	0.0525942508	0.0520513513	98.9	213.157	0	0	3
73	23	0	1.825	303.658818	303.643024	303.610965	303.660106	0.0491415791	0.0516637643	100	213.973	0	0	3
74	24	0	1.85	303.659778	303.645349	303.617219	303.660106	0.0428875287	0.0512429423	100	213.554	0	0	3
75	24	0	1.875	303.661489	303.647457	303.61824	303.661489	0.0432490952	0.0507949655	100	217.018	0	0	3
76	24	0	1.9	303.6604	303.649465	303.624819	303.661489	0.0366692815	0.0502993856	100	213.676	0	0	3
77	25	0	1.925	303.658125	303.65105	303.628672	303.661489	0.0328164552	0.049765459	100	217.192	0	0	3
78	25	0	1.95	303.665462	303.652802	303.633581	303.665462	0.0318808948	0.0492163298	100	212.128	0	0	3
79	25	0	1.975	303.659731	303.654048	303.637024	303.665462	0.0284383757	0.0486433925	100	214.553	0	0	3
80	25	0	2	303.660815	303.655181	303.641117	303.665462	0.0243446571	0.0480535194	100	214.575	0	0	3
81	26	0	2.025	303.659854	303.656073	303.64202	303.665462	0.0234417845	0.0474316554	100	216.814	0	0	3
