Iteration	CPUTime	PhysTime	Travels	Value	AvValue	MinValue	MaxValue	Delta	Criteria	Progress	dGMaxMin	CriteriaType	CriteriaVarType	CriteriaPercentage
1	2	0	0.025	298.618793	298.618793	298.618793	298.618793	0	0	0	28.0906	0	0	3
2	2	0	0.05	303.211207	300.915	298.618793	303.211207	2.29620721	0	0	55.4846	0	0	3
3	2	0	0.075	307.24281	303.02427	298.618793	307.24281	4.4054771	0	0	75.543	0	0	3
4	3	0	0.1	310.494073	304.891721	298.618793	310.494073	6.27292773	0	0	73.1344	0	0	3
5	3	0	0.125	313.210713	306.555519	298.618793	313.210713	7.93672611	0	0	85.0481	0	0	3
6	3	0	0.15	315.266055	308.007275	298.618793	315.266055	9.38848202	0	0	81.9193	0	0	3
7	4	0	0.175	316.766854	309.258643	298.618793	316.766854	10.6398504	0	0	100.505	0	0	3
8	4	0	0.2	317.75472	310.320653	298.618793	317.75472	11.70186	0	0	116.065	0	0	3
9	5	0	0.225	318.420009	311.220581	298.618793	318.420009	12.6017885	0	0	130.188	0	0	3
10	5	0	0.25	318.824379	311.980961	298.618793	318.824379	13.3621683	0	0	142.631	0	0	3
11	5	0	0.275	319.279994	312.64451	298.618793	319.279994	14.0257167	0	0	151.151	0	0	3
12	6	0	0.3	319.314328	313.200328	298.618793	319.314328	14.581535	0	0	137.301	0	0	3
13	6	0	0.325	319.542806	313.688211	298.618793	319.542806	15.0694179	0	0	140.094	0	0	3
14	6	0	0.35	319.851487	314.128445	298.618793	319.851487	15.5096519	0	0	123.613	0	0	3
15	7	0	0.375	319.544538	314.489518	298.618793	319.851487	15.8707248	0	0	117.287	0	0	3
16	7	0	0.4	319.645429	314.811762	298.618793	319.851487	16.1929692	0	0	109.445	0	0	3
17	7	0	0.425	319.9085	315.11157	298.618793	319.9085	16.4927773	0	0	89.4088	0	0	3
18	8	0	0.45	320.18244	315.393285	298.618793	320.18244	16.7744923	0	0	96.6365	0	0	3
19	8	0	0.475	320.425006	315.658113	298.618793	320.425006	17.0393198	0	0	103.232	0	0	3
20	8	0	0.5	320.461694	315.898292	298.618793	320.461694	17.2794988	0	0	91.9798	0	0	3
21	9	0	0.525	320.640112	316.999358	303.211207	320.640112	16.0843576	0	0	89.9772	0	0	3
22	9	0	0.55	320.847214	317.881158	307.24281	320.847214	13.6044037	0	0	92.0009	0	0	3
23	10	0	0.575	320.815433	318.559789	310.494073	320.847214	10.353141	0	0	93.1434	0	0	3
24	10	0	0.6	320.955611	319.082866	313.210713	320.955611	7.74489806	0	0	92.7999	0	0	3
25	10	0	0.625	321.196234	319.482142	315.266055	321.196234	5.93017903	0	0	97.2482	0	0	3
26	11	0	0.65	321.321698	319.784924	316.766854	321.321698	4.55484386	0	0	89.1185	0	0	3
27	11	0	0.675	321.578097	320.025486	317.75472	321.578097	3.82337703	0	0	110.736	0	0	3
28	11	0	0.7	321.810969	320.228299	318.420009	321.810969	3.3909601	0	0	138.557	0	0	3
29	12	0	0.725	322.039315	320.409264	318.824379	322.039315	3.21493533	0	0	153.574	0	0	3
30	12	0	0.75	322.052923	320.570691	319.279994	322.052923	2.77292923	0	0	147.27	0	0	3
31	12	0	0.775	322.313406	320.722362	319.314328	322.313406	2.99907808	0	0	162.104	0	0	3
32	13	0	0.8	322.657943	320.889543	319.542806	322.657943	3.115137	0	0	174.911	0	0	3
33	13	0	0.825	322.860972	321.055451	319.544538	322.860972	3.31643414	0	0	179.437	0	0	3
34	13	0	0.85	322.870554	321.206404	319.544538	322.870554	3.32601588	0	0	183.551	0	0	3
35	14	0	0.875	323.082084	321.383282	319.645429	323.082084	3.43665543	0	0	190.802	0	0	3
36	14	0	0.9	323.485905	321.575305	319.9085	323.485905	3.57740435	0	0	213.519	0	0	3
37	14	0	0.925	323.788341	321.769298	320.18244	323.788341	3.60590039	0	0	229.147	0	0	3
38	15	0	0.95	323.997672	321.960059	320.425006	323.997672	3.5726657	0	0	233.59	0	0	3
39	15	0	0.975	324.324036	322.155011	320.461694	324.324036	3.86234198	0	0	238	0	0	3
40	15	0	1	324.438295	322.353841	320.640112	324.438295	3.79818375	2.21285266	58.2	235.624	0	0	3
41	16	0	1.025	324.576526	322.550661	320.815433	324.576526	3.76109234	2.23064122	59.3	240.298	0	0	3
42	16	0	1.05	324.906096	322.753605	320.815433	324.906096	4.09066281	2.2518471	55	237.69	0	0	3
43	16	0	1.075	325.004694	322.963069	320.955611	325.004694	3.88020243	2.21285266	57	239.301	0	0	3
44	17	0	1.1	325.362245	323.077315	320.955611	325.362245	3.99444893	2.21285266	55.3	233.805	0	0	3
45	17	0	1.125	325.716228	323.304011	321.196234	325.716228	3.82186897	2.21285266	57.8	235.895	0	0	3
46	17	0	1.15	326.089015	323.537001	321.321698	326.089015	3.75207642	2.21285266	58.9	206.04	0	0	3
47	18	0	1.175	326.250329	323.771697	321.578097	326.250329	3.74621098	2.21285266	59	194.854	0	0	3
48	18	0	1.2	326.20125	323.991848	321.810969	326.250329	3.76354863	2.21285266	58.7	191.551	0	0	3
49	18	0	1.225	326.391877	324.209986	322.039315	326.391877	3.8007218	2.21285266	58.2	179.559	0	0	3
50	19	0	1.25	326.423777	324.41877	322.052923	326.423777	3.84807852	2.21285266	57.5	178.239	0	0	3
51	19	0	1.275	326.677973	324.63901	322.313406	326.677973	3.91664836	2.21285266	56.4	187.356	0	0	3
52	20	0	1.3	326.745891	324.850081	322.657943	326.745891	3.96053836	2.21285266	55.8	191.826	0	0	3
53	20	0	1.325	326.90398	325.052273	322.860972	326.90398	3.99682231	2.21285266	55.3	190.477	0	0	3
54	21	0	1.35	326.925685	325.245831	322.870554	326.925685	4.03942676	2.21285266	54.7	200.74	0	0	3
55	21	0	1.375	327.147937	325.449516	323.082084	327.147937	4.06585244	2.21285266	54.4	193.575	0	0	3
56	21	0	1.4	327.404035	325.655323	323.485905	327.404035	3.91813026	2.21285266	56.4	167.471	0	0	3
57	22	0	1.425	327.145408	325.829585	323.788341	327.404035	3.61569433	2.21285266	61.2	181.936	0	0	3
58	22	0	1.45	327.346256	325.99901	323.997672	327.404035	3.40636329	2.21285266	64.9	190.456	0	0	3
59	22	0	1.475	327.191895	326.151116	324.324036	327.404035	3.07999856	2.21285266	71.8	188.884	0	0	3
60	23	0	1.5	327.113712	326.283957	324.438295	327.404035	2.96573952	2.21285266	74.6	186.517	0	0	3
61	23	0	1.525	327.017962	326.406799	324.576526	327.404035	2.8275094	2.21285266	78.2	186.685	0	0	3
62	23	0	1.55	327.00995	326.522676	324.906096	327.404035	2.49793893	2.21285266	88.5	186.718	0	0	3
63	24	0	1.575	327.097453	326.627026	325.004694	327.404035	2.39934062	2.21285266	92.2	186.066	0	0	3
64	24	0	1.6	327.292192	326.735955	325.362245	327.404035	2.04178993	2.21285266	100	180.413	0	0	3
65	24	0	1.625	327.404646	326.833212	325.716228	327.404646	1.68841753	2.21285266	100	172.758	0	0	3
66	25	0	1.65	327.219788	326.90481	326.089015	327.404646	1.31563062	2.21285266	100	177.449	0	0	3
67	25	0	1.675	327.562976	326.974999	326.20125	327.562976	1.36172614	2.21285266	100	172.104	0	0	3
68	25	0	1.7	327.663613	327.042298	326.20125	327.663613	1.46236338	2.21285266	100	179.183	0	0	3
69	26	0	1.725	327.761539	327.116597	326.391877	327.761539	1.36966285	2.21285266	100	173.93	0	0	3
70	26	0	1.75	327.68733	327.178286	326.423777	327.761539	1.3377622	2.21285266	100	177.536	0	0	3
71	26	0	1.775	327.761095	327.241967	326.677973	327.761539	1.08356648	2.21285266	100	188.407	0	0	3
72	27	0	1.8	327.730462	327.292086	326.745891	327.761539	1.01564808	2.21285266	100	195.996	0	0	3
73	27	0	1.825	327.867104	327.345477	326.90398	327.867104	0.963123869	2.21285266	100	206.413	0	0	3
74	27	0	1.85	327.804517	327.38836	326.925685	327.867104	0.941419005	2.21285266	100	203.719	0	0	3
75	28	0	1.875	327.899638	327.434738	327.00995	327.899638	0.889688183	2.21285266	100	204.729	0	0	3
76	28	0	1.9	327.846185	327.467988	327.00995	327.899638	0.889688183	2.21285266	100	197.383	0	0	3
77	28	0	1.925	327.956904	327.494315	327.00995	327.956904	0.946953963	2.21285266	100	196	0	0	3
78	29	0	1.95	327.96019	327.533115	327.00995	327.96019	0.950240391	2.21285266	100	186.919	0	0	3
79	29	0	1.975	328.077455	327.567934	327.00995	328.077455	1.06750488	2.21285266	100	189.798	0	0	3
80	29	0	2	328.097575	327.611061	327.00995	328.097575	1.08762573	2.21285266	100	185.522	0	0	3
81	30	0	2.025	328.22831	327.664137	327.00995	328.22831	1.21835999	2.21285266	100	185.602	0	0	3
82	30	0	2.05	328.163762	327.718699	327.00995	328.22831	1.19602326	2.21285266	100	184.788	0	0	3
83	31	0	2.075	328.083703	327.76983	327.097453	328.22831	1.13085677	2.21285266	100	184.172	0	0	3
84	31	0	2.1	328.130612	327.819028	327.219788	328.22831	1.00852169	2.21285266	100	177.262	0	0	3
85	31	0	2.125	327.959556	327.850808	327.219788	328.22831	1.00852169	2.21285266	100	195.469	0	0	3
86	32	0	2.15	328.047277	327.881409	327.219788	328.22831	0.976599041	2.21285266	100	207.858	0	0	3
87	32	0	2.175	327.960885	327.916699	327.562976	328.22831	0.66533404	2.21285266	100	205.066	0	0	3
88	32	0	2.2	327.968241	327.935998	327.663613	328.22831	0.564696801	2.21285266	100	204.865	0	0	3
89	33	0	2.225	327.96397	327.9503	327.68733	328.22831	0.540979489	2.21285266	100	204.725	0	0	3
90	33	0	2.25	327.922514	327.957966	327.68733	328.22831	0.540979489	2.21285266	100	204.757	0	0	3
91	33	0	2.275	327.887311	327.967489	327.730462	328.22831	0.497847271	2.21285266	100	206.165	0	0	3
92	34	0	2.3	328.036999	327.980627	327.730462	328.22831	0.497847271	2.21285266	100	206.01	0	0	3
93	34	0	2.325	328.070703	327.996829	327.804517	328.22831	0.423793167	2.21285266	100	206.537	0	0	3
94	34	0	2.35	328.111525	328.008468	327.804517	328.22831	0.423793167	2.21285266	100	206.651	0	0	3
95	35	0	2.375	327.721687	328.004524	327.721687	328.22831	0.50662221	2.21285266	100	209.433	0	0	3
96	35	0	2.4	327.900243	328.004553	327.721687	328.22831	0.50662221	2.21285266	100	208.419	0	0	3
97	35	0	2.425	327.67825	327.996556	327.67825	328.22831	0.514152693	2.21285266	100	209.042	0	0	3
98	36	0	2.45	327.831767	327.990597	327.67825	328.22831	0.475353548	2.21285266	100	208.586	0	0	3
99	36	0	2.475	327.569676	327.972001	327.569676	328.22831	0.440534575	2.21285266	100	210.256	0	0	3
100	36	0	2.5	327.945633	327.965724	327.569676	328.22831	0.397406928	2.21285266	100	211.758	0	0	3
101	37	0	2.525	327.800253	327.951565	327.569676	328.22831	0.344330836	2.21285266	100	209.246	0	0	3
102	37	0	2.55	328.074927	327.944262	327.569676	328.163762	0.289768918	2.21285266	100	212.405	0	0	3
103	38	0	2.575	327.944678	327.933829	327.569676	328.130612	0.23863781	2.21285266	100	210.435	0	0	3
104	38	0	2.6	328.148299	327.936905	327.569676	328.148299	0.189439781	2.21285266	100	211.336	0	0	3
105	38	0	2.625	328.088302	327.93489	327.569676	328.148299	0.157660562	2.21285266	100	209.013	0	0	3
106	39	0	2.65	328.144552	327.9437	327.569676	328.148299	0.127059088	2.21285266	100	207.916	0	0	3
107	39	0	2.675	328.057793	327.9442	327.569676	328.148299	0.0917687442	2.21285266	100	189.973	0	0	3
108	40	0	2.7	328.11998	327.951776	327.569676	328.148299	0.0746391117	2.21285266	100	183.097	0	0	3
109	40	0	2.725	328.140878	327.959997	327.569676	328.148299	0.0746391117	2.21285266	100	193.788	0	0	3
110	41	0	2.75	328.285913	327.975328	327.569676	328.285913	0.0746391117	2.21285266	100	197.184	0	0	3
111	41	0	2.775	328.19789	327.988441	327.569676	328.285913	0.0746391117	2.21285266	100	212.124	0	0	3
112	41	0	2.8	328.245794	328.005512	327.569676	328.285913	0.0746391117	2.21285266	100	222.311	0	0	3
113	42	0	2.825	328.315598	328.018778	327.569676	328.315598	0.0849491561	2.21285266	100	227.262	0	0	3
114	42	0	2.85	328.387044	328.033842	327.569676	328.387044	0.100013033	2.21285266	100	200.876	0	0	3
115	42	0	2.875	328.410706	328.048089	327.569676	328.410706	0.114259731	2.21285266	100	217.153	0	0	3
116	43	0	2.9	328.350035	328.07801	327.569676	328.410706	0.14418102	2.21285266	100	181.512	0	0	3
117	43	0	2.925	328.415326	328.102538	327.569676	328.415326	0.168708807	2.21285266	100	181.934	0	0	3
118	43	0	2.95	328.54842	328.143974	327.569676	328.54842	0.210145477	2.21285266	100	188.439	0	0	3
119	44	0	2.975	328.527663	328.177112	327.569676	328.54842	0.243283418	2.21285266	100	196.469	0	0	3
120	44	0	3	328.475534	328.220249	327.800253	328.54842	0.286419537	2.21285266	100	204.793	0	0	3
121	44	0	3.025	328.38572	328.241205	327.800253	328.54842	0.307376067	2.21285266	100	222.59	0	0	3
122	45	0	3.05	328.483872	328.273758	327.944678	328.54842	0.339929382	2.21285266	100	231.223	0	0	3
123	45	0	3.075	328.475759	328.292846	327.944678	328.54842	0.359016589	2.21285266	100	228.553	0	0	3
124	45	0	3.1	328.568493	328.322551	328.057793	328.568493	0.387660776	2.21285266	100	192.645	0	0	3
125	46	0	3.125	328.772205	328.352261	328.057793	328.772205	0.417370559	2.21285266	100	169.733	0	0	3
126	46	0	3.15	328.770957	328.384768	328.057793	328.772205	0.441068581	2.21285266	100	168.135	0	0	3
127	46	0	3.175	328.824338	328.417139	328.057793	328.824338	0.472938531	2.21285266	100	178.374	0	0	3
128	46	0	3.2	328.697139	328.447584	328.11998	328.824338	0.495807604	2.21285266	100	195.941	0	0	3
129	47	0	3.225	328.684527	328.474467	328.140878	328.824338	0.514469972	2.21285266	100	206.071	0	0	3
