Iteration	CPUTime	PhysTime	Travels	Value	AvValue	MinValue	MaxValue	Delta	Criteria	Progress	dGMaxMin	CriteriaType	CriteriaVarType	CriteriaPercentage
1	0	0	0.025	1.07044619e-007	1.07044619e-007	1.07044619e-007	1.07044619e-007	0	0	0	0	0	0	3
2	0	0	0.05	6.97585793e-010	5.38711024e-008	6.97585793e-010	1.07044619e-007	5.31735166e-008	0	0	0	0	0	3
3	1	0	0.075	-3.93193621e-010	3.57830037e-008	-3.93193621e-010	1.07044619e-007	7.12616153e-008	0	0	0	0	0	3
4	1	0	0.1	-2.28862174e-010	2.67800373e-008	-3.93193621e-010	1.07044619e-007	8.02645818e-008	0	0	0	0	0	3
5	1	0	0.125	-2.27861792e-010	2.13784574e-008	-3.93193621e-010	1.07044619e-007	8.56661616e-008	0	0	0	0	0	3
6	1	0	0.15	-2.67574478e-010	1.77707855e-008	-3.93193621e-010	1.07044619e-007	8.92738336e-008	0	0	0	0	0	3
7	1	0	0.175	-1.2188358e-010	1.52146899e-008	-3.93193621e-010	1.07044619e-007	9.18299292e-008	0	0	0	0	0	3
8	1	0	0.2	-7.7013626e-011	1.33032269e-008	-3.93193621e-010	1.07044619e-007	9.37413921e-008	0	0	0	0	0	3
9	1	0	0.225	-9.27320269e-011	1.18147871e-008	-3.93193621e-010	1.07044619e-007	9.5229832e-008	0	0	0	0	0	3
10	2	0	0.25	-1.63451012e-010	1.06169633e-008	-3.93193621e-010	1.07044619e-007	9.64276558e-008	0	0	0	0	0	3
11	2	0	0.275	-5.21078201e-011	9.6470477e-009	-3.93193621e-010	1.07044619e-007	9.73975713e-008	0	0	0	0	0	3
12	2	0	0.3	-7.28959081e-011	8.8370524e-009	-3.93193621e-010	1.07044619e-007	9.82075666e-008	0	0	0	0	0	3
13	2	0	0.325	-8.63089228e-011	8.15063999e-009	-3.93193621e-010	1.07044619e-007	9.8893979e-008	0	0	0	0	0	3
14	2	0	0.35	-7.7804308e-011	7.56289397e-009	-3.93193621e-010	1.07044619e-007	9.94817251e-008	0	0	0	0	0	3
15	2	0	0.375	-7.19918336e-011	7.05390158e-009	-3.93193621e-010	1.07044619e-007	9.99907175e-008	0	0	0	0	0	3
16	2	0	0.4	-6.55162698e-011	6.60893797e-009	-3.93193621e-010	1.07044619e-007	1.00435681e-007	0	0	0	0	0	3
17	2	0	0.425	-9.65815498e-011	6.21449564e-009	-3.93193621e-010	1.07044619e-007	1.00830123e-007	0	0	0	0	0	3
18	3	0	0.45	-6.39365457e-011	5.86569385e-009	-3.93193621e-010	1.07044619e-007	1.01178925e-007	0	0	0	0	0	3
19	3	0	0.475	-9.17066568e-011	5.55214646e-009	-3.93193621e-010	1.07044619e-007	1.01492473e-007	0	0	0	0	0	3
20	3	0	0.5	-8.61370334e-011	5.27023228e-009	-3.93193621e-010	1.07044619e-007	1.01774387e-007	0	0	0	0	0	3
21	3	0	0.525	-7.41796933e-011	-8.5707653e-011	-3.93193621e-010	6.97585793e-010	1.09077941e-009	0	0	0	0	0	3
22	3	0	0.55	-5.17086667e-011	-1.23172376e-010	-3.93193621e-010	-5.17086667e-011	3.41484955e-010	0	0	0	0	0	3
23	3	0	0.575	-5.69306004e-011	-1.06359225e-010	-2.67574478e-010	-5.17086667e-011	2.15865812e-010	0	0	0	0	0	3
24	3	0	0.6	-8.19253755e-011	-9.9012385e-011	-2.67574478e-010	-5.17086667e-011	2.15865812e-010	0	0	0	0	0	3
25	3	0	0.625	-1.08232743e-010	-9.30309326e-011	-2.67574478e-010	-5.17086667e-011	2.15865812e-010	0	0	0	0	0	3
26	4	0	0.65	-7.94796478e-011	-8.3626191e-011	-1.63451012e-010	-5.17086667e-011	1.11742345e-010	0	0	0	0	0	3
27	4	0	0.675	-8.87360827e-011	-8.19688161e-011	-1.63451012e-010	-5.17086667e-011	1.11742345e-010	0	0	0	0	0	3
28	4	0	0.7	-8.49890962e-011	-8.23675897e-011	-1.63451012e-010	-5.17086667e-011	1.11742345e-010	0	0	0	0	0	3
29	4	0	0.725	-1.18264588e-010	-8.36442177e-011	-1.63451012e-010	-5.17086667e-011	1.11742345e-010	0	0	0	0	0	3
30	4	0	0.75	-8.98109503e-011	-7.99622146e-011	-1.18264588e-010	-5.17086667e-011	6.65559214e-011	0	0	0	0	0	3
31	4	0	0.775	-6.37055324e-011	-8.05421002e-011	-1.18264588e-010	-5.17086667e-011	6.65559214e-011	0	0	0	0	0	3
32	4	0	0.8	-7.68155576e-011	-8.07380827e-011	-1.18264588e-010	-5.17086667e-011	6.65559214e-011	0	0	0	0	0	3
33	4	0	0.825	-7.23911571e-011	-8.00421944e-011	-1.18264588e-010	-5.17086667e-011	6.65559214e-011	0	0	0	0	0	3
34	5	0	0.85	-6.20086985e-011	-7.9252414e-011	-1.18264588e-010	-5.17086667e-011	6.65559214e-011	0	0	0	0	0	3
35	5	0	0.875	-4.99058051e-011	-7.81481125e-011	-1.18264588e-010	-4.99058051e-011	6.8358783e-011	0	0	0	0	0	3
36	5	0	0.9	-7.04150721e-011	-7.83930526e-011	-1.18264588e-010	-4.99058051e-011	6.8358783e-011	0	0	0	0	0	3
37	5	0	0.925	-7.67889854e-011	-7.74034244e-011	-1.18264588e-010	-4.99058051e-011	6.8358783e-011	0	0	0	0	0	3
38	5	0	0.95	-7.30662839e-011	-7.78599113e-011	-1.18264588e-010	-4.99058051e-011	6.8358783e-011	0	0	0	0	0	3
39	5	0	0.975	-1.88262629e-010	-8.26877099e-011	-1.88262629e-010	-4.99058051e-011	1.38356823e-010	0	0	0	0	0	3
40	5	0	1	-9.20803335e-011	-8.29848749e-011	-1.88262629e-010	-4.99058051e-011	4.57689516e-011	2e-005	0	0	0	0	3
41	6	0	1.025	-1.22245687e-010	-8.53881746e-011	-1.88262629e-010	-4.99058051e-011	4.57689516e-011	2e-005	0	0	0	0	3
42	6	0	1.05	-1.97850581e-010	-9.26952703e-011	-1.97850581e-010	-4.99058051e-011	2.89558005e-011	2e-005	0	0	0	0	3
43	6	0	1.075	-1.00408332e-010	-9.48691569e-011	-1.97850581e-010	-4.99058051e-011	2.16089606e-011	2e-005	0	0	0	0	3
44	6	0	1.1	-2.79159045e-010	-1.03644866e-010	-2.79159045e-010	-4.99058051e-011	2.62414415e-011	2e-005	0	0	0	0	3
45	6	0	1.125	-1.8917483e-010	-1.08751983e-010	-2.79159045e-010	-4.99058051e-011	3.13485584e-011	2e-005	0	0	0	0	3
