Iteration	CPUTime	PhysTime	Travels	Value	AvValue	MinValue	MaxValue	Delta	Criteria	Progress	dGMaxMin	CriteriaType	CriteriaVarType	CriteriaPercentage
1	2	0	0.025	101322.665	101322.665	101322.665	101322.665	0	0	0	6.5708	0	0	3
2	3	0	0.05	101322.665	101322.665	101322.665	101322.665	7.69796316e-008	0	0	6.5708	0	0	3
3	3	0	0.075	101322.665	101322.665	101322.665	101322.665	1.66968675e-007	0	0	6.5708	0	0	3
4	4	0	0.1	101322.665	101322.665	101322.665	101322.665	2.4822657e-007	0	0	6.5708	0	0	3
5	5	0	0.125	101322.665	101322.665	101322.665	101322.665	3.22339474e-007	0	0	6.5708	0	0	3
6	6	0	0.15	101322.665	101322.665	101322.665	101322.665	3.85771273e-007	0	0	6.5708	0	0	3
7	7	0	0.175	101322.665	101322.665	101322.665	101322.665	4.3939508e-007	0	0	6.5708	0	0	3
8	8	0	0.2	101322.665	101322.665	101322.665	101322.665	4.82919859e-007	0	0	6.5708	0	0	3
9	9	0	0.225	101322.665	101322.665	101322.665	101322.665	5.52419806e-007	0	0	6.5708	0	0	3
10	10	0	0.25	101322.665	101322.665	101322.665	101322.665	7.37010851e-007	0	0	6.5708	0	0	3
11	11	0	0.275	101322.665	101322.665	101322.665	101322.665	8.40562279e-007	0	0	6.5708	0	0	3
12	12	0	0.3	101322.665	101322.665	101322.665	101322.665	8.40562279e-007	0	0	6.57081	0	0	3
13	12	0	0.325	101322.665	101322.665	101322.665	101322.665	4.97880683e-006	0	0	6.57081	0	0	3
14	13	0	0.35	101322.665	101322.665	101322.665	101322.665	3.50079354e-005	0	0	6.5708	0	0	3
15	14	0	0.375	101322.665	101322.665	101322.665	101322.665	8.15417006e-005	0	0	6.57076	0	0	3
16	15	0	0.4	101322.664	101322.665	101322.664	101322.665	0.000139562238	0	0	6.57065	0	0	3
17	16	0	0.425	101322.664	101322.665	101322.664	101322.665	0.000195764151	0	0	6.57075	0	0	3
18	17	0	0.45	101322.664	101322.665	101322.664	101322.665	0.000239437039	0	0	6.57095	0	0	3
19	18	0	0.475	101322.665	101322.665	101322.664	101322.665	0.000264002258	0	0	6.57144	0	0	3
20	19	0	0.5	101322.665	101322.665	101322.664	101322.665	0.000270225573	0	0	6.57195	0	0	3
21	19	0	0.525	101322.665	101322.665	101322.664	101322.665	0.000277746032	0	0	6.57165	0	0	3
22	20	0	0.55	101322.665	101322.665	101322.664	101322.665	0.000280470689	0	0	6.57125	0	0	3
23	21	0	0.575	101322.665	101322.665	101322.664	101322.665	0.000284708163	0	0	6.57096	0	0	3
24	22	0	0.6	101322.665	101322.665	101322.664	101322.665	0.000292025448	0	0	6.57085	0	0	3
25	22	0	0.625	101322.665	101322.665	101322.664	101322.665	0.000301764841	0	0	6.57082	0	0	3
26	23	0	0.65	101322.665	101322.665	101322.664	101322.665	0.000312934295	0	0	6.57082	0	0	3
27	24	0	0.675	101322.665	101322.665	101322.664	101322.665	0.000325591827	0	0	6.57081	0	0	3
28	25	0	0.7	101322.665	101322.665	101322.664	101322.665	0.000339672348	0	0	6.57081	0	0	3
29	26	0	0.725	101322.665	101322.665	101322.664	101322.665	0.00035469362	0	0	6.57082	0	0	3
30	27	0	0.75	101322.665	101322.665	101322.664	101322.665	0.00037005778	0	0	6.57082	0	0	3
31	27	0	0.775	101322.665	101322.665	101322.664	101322.665	0.000385375621	0	0	6.5708	0	0	3
32	28	0	0.8	101322.665	101322.665	101322.664	101322.665	0.000396414791	0	0	6.57081	0	0	3
33	29	0	0.825	101322.665	101322.665	101322.664	101322.665	0.000379915014	0	0	6.57081	0	0	3
34	30	0	0.85	101322.665	101322.665	101322.664	101322.665	0.000333381249	0	0	6.57082	0	0	3
35	31	0	0.875	101322.665	101322.665	101322.664	101322.665	0.000275360711	0	0	6.57086	0	0	3
36	31	0	0.9	101322.665	101322.665	101322.664	101322.665	0.000219158799	0	0	6.57082	0	0	3
37	32	0	0.925	101322.665	101322.665	101322.664	101322.665	0.000175485911	0	0	6.57084	0	0	3
38	33	0	0.95	101322.665	101322.665	101322.665	101322.665	0.000150920692	0	0	6.57085	0	0	3
39	34	0	0.975	101322.665	101322.665	101322.665	101322.665	0.000159847521	0	0	6.57085	0	0	3
40	34	0	1	101322.665	101322.665	101322.665	101322.665	0.000161968157	0.00101322665	0	6.57085	0	0	3
41	35	0	1.025	101322.665	101322.665	101322.665	101322.665	0.000161968157	0.00101322665	0	6.57086	0	0	3
42	36	0	1.05	101322.665	101322.665	101322.665	101322.665	0.000161968157	0.00101322665	0	6.57087	0	0	3
43	37	0	1.075	101322.665	101322.665	101322.665	101322.665	0.000161968157	0.00101322665	0	6.57087	0	0	3
44	38	0	1.1	101322.665	101322.665	101322.665	101322.665	0.000161968157	0.00101322665	0	6.57087	0	0	3
45	39	0	1.125	101322.665	101322.665	101322.665	101322.665	0.000151046799	0.00101322665	0	6.57086	0	0	3
46	39	0	1.15	101322.665	101322.665	101322.665	101322.665	0.000122529542	0.00101322665	0	6.57086	0	0	3
47	40	0	1.175	101322.665	101322.665	101322.665	101322.665	9.28261143e-005	0.00101322665	0	6.57087	0	0	3
48	41	0	1.2	101322.665	101322.665	101322.665	101322.665	8.85786867e-005	0.00101322665	0	6.57084	0	0	3
49	42	0	1.225	101322.665	101322.665	101322.665	101322.665	8.85786867e-005	0.00101322665	0	6.57084	0	0	3
50	42	0	1.25	101322.665	101322.665	101322.665	101322.665	8.85786867e-005	0.00101322665	0	6.57085	0	0	3
51	43	0	1.275	101322.665	101322.665	101322.665	101322.665	8.85786867e-005	0.00101322665	0	6.57089	0	0	3
52	44	0	1.3	101322.665	101322.665	101322.665	101322.665	8.85786867e-005	0.00101322665	0	6.57104	0	0	3
53	45	0	1.325	101322.665	101322.665	101322.665	101322.665	8.85786867e-005	0.00101322665	0	6.57095	0	0	3
