Iteration	CPUTime	PhysTime	Travels	Value	AvValue	MinValue	MaxValue	Delta	Criteria	Progress	dGMaxMin	CriteriaType	CriteriaVarType	CriteriaPercentage
1	2	0	0.025	299.854223	299.854223	299.854223	299.854223	0	0	0	9.10444	0	0	3
2	3	0	0.05	304.570101	302.212162	299.854223	304.570101	2.35793897	0	0	11.9828	0	0	3
3	3	0	0.075	308.763889	304.396071	299.854223	308.763889	4.5418479	0	0	15.5975	0	0	3
4	4	0	0.1	312.932577	306.530198	299.854223	312.932577	6.67597422	0	0	19.7188	0	0	3
5	5	0	0.125	317.11136	308.64643	299.854223	317.11136	8.79220665	0	0	23.8883	0	0	3
6	6	0	0.15	321.264014	310.749361	299.854223	321.264014	10.8951373	0	0	28.0286	0	0	3
7	7	0	0.175	325.41304	312.844172	299.854223	325.41304	12.9899487	0	0	35.2364	0	0	3
8	8	0	0.2	329.672247	314.947682	299.854223	329.672247	15.093458	0	0	36.4121	0	0	3
9	9	0	0.225	334.167495	317.083216	299.854223	334.167495	17.2289929	0	0	40.8974	0	0	3
10	10	0	0.25	339.058446	319.280739	299.854223	339.058446	19.4265158	0	0	45.7722	0	0	3
11	11	0	0.275	368.277802	323.735018	299.854223	368.277802	23.8807943	0	0	63.3516	0	0	3
12	12	0	0.3	401.179807	330.18875	299.854223	401.179807	30.3345267	0	0	74.3956	0	0	3
13	12	0	0.325	433.443272	338.131406	299.854223	433.443272	38.2771822	0	0	97.9847	0	0	3
14	13	0	0.35	466.595367	347.307403	299.854223	466.595367	47.4531794	0	0	126.498	0	0	3
15	14	0	0.375	502.455338	357.650599	299.854223	502.455338	57.7963751	0	0	155.824	0	0	3
16	15	0	0.4	544.282756	369.315108	299.854223	544.282756	69.4608849	0	0	190.864	0	0	3
17	16	0	0.425	586.277244	382.077587	299.854223	586.277244	82.2233635	0	0	223.449	0	0	3
18	17	0	0.45	628.336469	395.758636	299.854223	628.336469	95.9044125	0	0	249.032	0	0	3
19	18	0	0.475	668.428891	410.109702	299.854223	668.428891	110.255479	0	0	275.003	0	0	3
20	19	0	0.5	707.043519	424.956393	299.854223	707.043519	125.102169	0	0	298.564	0	0	3
21	19	0	0.525	751.750783	447.551221	304.570101	751.750783	145.339058	0	0	323.379	0	0	3
22	20	0	0.55	791.559186	471.900675	308.763889	791.559186	167.504604	0	0	345.118	0	0	3
23	21	0	0.575	828.476203	497.886291	312.932577	828.476203	191.356093	0	0	359.934	0	0	3
24	22	0	0.6	862.091623	525.344243	317.11136	862.091623	216.697813	0	0	373.636	0	0	3
25	22	0	0.625	893.152637	554.146307	321.264014	893.152637	243.396946	0	0	385.217	0	0	3
26	23	0	0.65	929.14927	584.54057	325.41304	929.14927	271.696398	0	0	396.726	0	0	3
27	24	0	0.675	959.582272	616.249031	329.672247	959.582272	301.30135	0	0	405.037	0	0	3
28	25	0	0.7	987.626868	649.146762	334.167495	987.626868	332.063546	0	0	409.343	0	0	3
29	26	0	0.725	1012.8355	683.080163	339.058446	1012.8355	363.799423	0	0	416.958	0	0	3
30	27	0	0.75	1034.52666	717.853573	368.277802	1034.52666	394.118556	0	0	418.411	0	0	3
31	27	0	0.775	1058.4672	752.363043	401.179807	1058.4672	422.174293	0	0	423.479	0	0	3
32	28	0	0.8	1079.03815	786.25596	433.443272	1079.03815	448.124554	0	0	424.164	0	0	3
33	29	0	0.825	1096.90543	819.429068	466.595367	1096.90543	472.121665	0	0	428.515	0	0	3
34	30	0	0.85	1110.98559	851.648579	502.455338	1110.98559	493.997981	0	0	426.103	0	0	3
35	31	0	0.875	1122.93237	882.672431	544.282756	1122.93237	513.357323	0	0	426.845	0	0	3
36	31	0	0.9	1136.47471	912.282029	586.277244	1136.47471	530.204442	0	0	427.625	0	0	3
37	32	0	0.925	1146.3517	940.285751	628.336469	1146.3517	518.015227	0	0	428.857	0	0	3
38	33	0	0.95	1153.66821	966.552338	668.428891	1153.66821	485.239318	0	0	427.947	0	0	3
39	34	0	0.975	1160.58212	991.16	707.043519	1160.58212	453.538604	0	0	429.499	0	0	3
40	34	0	1	1165.65038	1014.09034	751.750783	1165.65038	413.899593	112.882798	27.2	428.635	0	0	3
41	35	0	1.025	1170.18063	1035.01184	791.559186	1170.18063	378.621445	113.479596	29.9	429.454	0	0	3
42	36	0	1.05	1174.8469	1054.17622	828.476203	1174.8469	346.370693	113.786953	32.8	430.705	0	0	3
43	37	0	1.075	1177.96293	1071.65056	862.091623	1177.96293	315.871309	113.843182	36	430.777	0	0	3
44	38	0	1.1	1180.36882	1076.82762	862.091623	1180.36882	318.277199	113.812908	35.7	430.37	0	0	3
45	39	0	1.125	1183.28502	1092.12254	893.152637	1183.28502	290.132386	113.762166	39.2	430.356	0	0	3
46	39	0	1.15	1185.51252	1106.04444	929.14927	1185.51252	256.363252	113.777245	44.3	429.479	0	0	3
47	40	0	1.175	1186.39951	1118.29445	959.582272	1186.39951	226.817238	113.726626	50.1	430.416	0	0	3
48	41	0	1.2	1188.07542	1129.17508	987.626868	1188.07542	200.448553	113.646123	56.6	430.054	0	0	3
49	42	0	1.225	1189.92038	1138.8081	1012.8355	1189.92038	177.084873	113.544716	64.1	430.423	0	0	3
50	42	0	1.25	1191.16248	1147.29986	1034.52666	1191.16248	156.635824	113.415522	72.4	429.482	0	0	3
51	43	0	1.275	1192.31524	1154.81361	1058.4672	1192.31524	133.848043	112.973693	84.4	430.222	0	0	3
52	44	0	1.3	1194.24449	1161.27919	1079.03815	1194.24449	115.206348	112.882798	97.9	429.034	0	0	3
53	45	0	1.325	1195.13949	1166.80783	1096.90543	1195.13949	98.2340532	112.882798	100	429.333	0	0	3
